# 3D point list with one line of data per point:
#   POINT3D_ID, X, Y, Z, R, G, B, ERROR, TRACK[] as (IMAGE_ID, POINT2D_IDX)
# Number of points: 487, mean track length: 9.3408624229979473
2 -0.53311752879086582 7.0018054848918538 0.014099686639887535 133 108 50 1.7197924682249894 2 22 6 151 7 94 13 24 1 62 10 107
7 1.8778213733118447 6.4427424648763081 0.0095954760419428558 139 110 49 2.2159596458452291 2 28 6 145 7 103 8 191 9 145 10 117 12 14 13 51 1 73
9 1.4702120738966638 6.445595703118026 0.010134449348636894 128 100 42 1.2774034042219236 2 32 6 161 8 188 9 154 11 96 12 15 13 50 1 75
10 -0.26100831367535154 6.6002665364179318 -0.00010426103488641587 119 94 40 1.2164017061826895 13 43 1 76 6 182 11 91 12 11 2 35
11 1.9831068807720851 6.3459900219976113 0.010148996619557524 120 93 41 1.3138311435214749 2 36 6 157 7 106 9 152 10 121 12 18 13 57 1 78
12 1.37583321184819 6.347896643484674 0.0057892719441699084 128 102 46 1.6719098178701421 2 38 6 169 7 109 8 190 9 160 10 128 12 21 13 56 1 80
16 1.9797413762928902 6.1597602083973664 0.0036300321888823798 123 97 45 1.9795336625296973 2 43 6 174 7 116 8 212 9 165 10 134 12 25 13 67 1 87
17 1.7021652848788955 6.1637899481763423 0.0080633939931616262 121 94 41 1.67995991336899 2 44 6 177 7 115 8 206 9 171 10 137 11 114 12 27 13 66 1 88
18 1.3741474238804088 6.1626020667844026 0.0055947762956170084 121 97 45 1.6143406082338341 2 46 6 188 7 118 8 201 9 175 10 140 11 116 12 28 13 65 1 89
19 1.7998749029810233 6.0712064693404546 0.007384606030446085 119 99 52 0.88822885540353858 2 48 6 186 7 121 9 177 1 91
20 1.8821107798186214 6.0686239778483957 -0.0037707214583277107 122 98 48 1.5635053438844502 2 47 6 183 8 217 9 174 12 34 1 92
21 1.6166975425883723 6.0720180511145498 0.0031116421657109306 122 98 47 1.1271228530757926 2 49 6 193 7 124 8 215 9 178 10 145 12 33 13 71 1 94
23 1.4704198927499172 6.0734515050261555 0.0050295844036724064 119 97 47 1.2285302004674554 2 51 6 195 7 123 8 210 9 182 10 148 12 35 13 70 1 97
26 1.880683450810372 5.9160617852064386 0.0088561934916622734 128 99 45 1.7167731195586784 2 54 6 199 7 128 8 226 9 185 10 151 12 39 1 101
27 1.0011284013427117 5.9949997425920794 0.0044627662985327323 133 106 49 1.799744909922123 2 55 6 214 7 126 8 208 9 191 10 156 12 37 13 75 1 102
28 1.4655489119448502 5.9145520426428568 0.0053694040341597943 131 104 46 2.1790595018209613 2 56 6 207 7 130 8 221 9 189 10 158 12 41 1 104
29 1.9821088128752955 5.823632088505633 0.006033656760096132 123 94 42 1.7288578742601846 2 57 6 206 7 132 8 232 9 188 10 159 11 135 12 44 13 89 1 106
30 0.0053595955446953253 6.0965856842723705 -0.10758616566917698 131 104 58 1.9666513026064885 7 119 8 183
31 1.3792953098866114 5.8308983053483079 0.0058327521074291733 124 98 43 1.1696389646081369 2 59 6 218 7 131 8 225 9 193 10 164 11 136 12 45 13 84 1 108
32 -1.0086512756751971 6.00013256367619 0.0084277519007742458 134 107 48 1.6403714871279884 2 60 6 240 7 129 9 207 10 171 11 128 12 42 13 73 1 109 8 182
33 1.9764729325216566 5.6408162350323297 0.0036227910509378123 112 86 37 1.5742020839520046 2 61 6 224 8 242 9 196 11 149 12 52 13 93 1 110 4 18
36 1.3752149203791548 5.639490010207699 0.0027906466433832628 119 95 43 1.7875725491717389 2 64 4 21 6 231 7 136 8 235 9 200 10 169 11 150 12 54 13 92 1 113
38 1.888389420936752 5.5518122155745173 0.0041976508355296583 120 96 47 1.5673959470088661 2 66 6 229 7 139 8 247 9 199 10 170 12 57 13 100 1 115
39 1.4726677320883836 5.552162162949295 0.0019334767886047767 119 96 47 1.889100264073007 2 68 6 234 7 142 8 239 9 203 10 176 12 58 13 98 1 116
47 -0.0003475441486404169 5.4310300222411172 0.04517906967983934 125 99 53 0.45381311841497385 7 150 9 218
49 0.52670649032341565 4.9972353691216354 0.0011847864597614483 123 96 41 1.2527454860078526 2 83 4 66 6 286 8 257 9 225 10 192 11 171 12 81 13 118 1 134
55 1.8833003795878702 4.4290145166807999 0.0022410088002085839 131 103 45 1.5375559528339025 2 93 4 87 6 299 7 179 9 231 10 205 12 99 13 138 1 142
58 1.3825610356688625 4.4232037130515032 0.0057554150220826359 118 90 38 1.0031263155947419 2 96 4 89 6 308 7 181 9 237 10 210 11 191 12 101 13 137 1 147
60 1.981264536437757 4.336182620696678 0.0045017761077955926 116 90 39 1.2980233146785014 2 99 4 91 6 305 7 185 9 235 10 209 11 194 12 103 13 144 1 149
61 0.27508032489592793 4.3954031324794487 0.0013794542335873643 129 103 45 1.3615648948460584 2 103 12 105 13 141 1 150 4 92 6 329 8 280 9 246 10 220 11 195 7 183
63 1.9798349523260614 4.1738918585776217 0.0048329351345785818 119 92 42 1.7009009949979594 2 106 4 99 6 314 7 191 8 311 9 242 10 217 11 201 12 110 13 150 1 153
65 1.8845242466690479 4.0825559637413846 0.0014360226646260538 118 92 42 1.3250569299412169 2 109 4 106 6 325 7 198 8 318 9 244 10 223 11 208 12 116 13 154 1 156
66 1.7057370475686875 4.0850902087054761 0.0008340156093264965 115 91 42 1.2565619871145415 2 111 4 107 6 327 7 200 8 314 9 248 10 227 11 207 12 117 13 153 1 157
67 1.3805933252736911 4.0847064061185252 0.0026411767635748031 128 101 45 1.4483027648719817 2 112 4 109 6 334 7 201 8 308 9 250 10 228 11 209 12 118 13 155 1 159
68 0.27484705487818489 4.1958176766877671 -0.00060991465995563618 129 102 44 1.551734581316851 2 113 4 102 6 345 8 291 9 255 10 231 11 202 12 112 13 148 1 160 7 193
71 1.8838330886230403 3.9276529095309853 0.0049930419661267456 124 95 40 1.6581210656072329 2 117 4 115 6 336 7 207 8 328 9 254 10 232 11 215 12 124 13 162 1 163
72 1.0016127382122362 3.9979961484900279 -5.8893809243921541e-05 129 101 45 1.6208965383836711 2 120 4 113 6 349 7 203 8 310 9 261 10 238 11 214 12 123 13 160 1 165
73 1.4676739962788299 3.9243591799795827 0.0033625720350258397 122 95 41 1.5953648109196104 2 121 4 116 6 346 7 209 8 321 9 257 10 239 11 217 12 125 13 163 1 166
74 1.9776210043835147 3.8326555368930921 0.0035522716823422613 118 91 40 1.4129403910726539 2 126 4 120 6 343 7 213 8 332 9 256 10 241 11 219 12 130 13 166 1 167
76 1.3771684577657504 3.8340664864256335 0.0031698896781778042 123 97 42 1.0976244027063491 2 128 4 121 6 356 7 214 8 327 9 265 10 243 11 221 12 131 13 167 1 170
77 1.9800365951529293 3.6502435465055587 0.00072620722501773869 119 93 40 1.6951195276132454 2 131 4 129 6 360 7 218 8 342 9 269 10 249 11 228 12 138 13 175 1 171
78 -1.0031952765630672 4.0000609643906788 0.0046933574808888604 131 104 46 1.3128853625832577 2 130 4 118 6 380 7 208 8 287 9 280 10 256 11 218 12 129 13 158 1 172 5 209
79 0.27236345630120828 3.7968925249162009 -0.001523686401646619 125 97 41 1.3304116653355289 2 132 4 124 6 374 8 313 9 276 12 134 13 171 1 173 10 257 11 225
80 1.3743270507173138 3.6506500811154852 0.0031181474163724764 122 98 45 1.2687610766967277 2 133 4 130 6 368 7 219 8 335 9 274 10 252 11 229 12 140 13 174 1 174
82 1.8821031591441384 3.5584846045237271 -0.0014727616202945516 117 92 41 1.5452665748417209 2 136 4 135 6 365 7 221 8 345 9 272 10 253 11 234 12 142 13 181 1 176
83 -0.27445777556955792 3.7969176592524092 0.0015082475133323741 131 104 47 0.93888169501171315 2 137 4 128 6 383 7 217 9 281 10 264 11 227 12 136 13 169 1 177 8 304
84 1.4702598733617056 3.5633059048202265 0.0039302747546199482 121 94 43 1.2107861067214785 2 139 4 136 6 371 7 222 8 340 9 275 10 262 12 144 13 180 1 178
85 0.2731353112486174 3.5962005802265002 -0.00019181875184871153 129 101 45 1.5814103989846509 2 140 4 137 6 389 7 224 9 282 11 235 12 146 13 179 1 179 8 324 10 268
87 -0.27358857854768076 3.5971195944013954 0.0025574616818397952 130 103 45 1.4224163052604046 6 397 7 226 8 319 9 286 10 272 11 237 12 148 13 177 1 183 2 144 4 139
90 -0.27244729152299796 3.3973506844440724 0.0025500399450048912 131 105 47 1.0852533557960187 2 148 6 410 7 231 9 293 10 280 11 242 12 155 13 186 1 189 8 330
93 -0.27221474259640088 3.1973753141116519 -0.0013983855429316795 131 104 46 1.080024083469016 2 152 4 156 6 422 7 239 8 339 9 297 10 286 11 247 12 163 13 192 1 193 5 244
94 0.52870796135294296 2.9966176725545126 0.001063828927119968 127 99 43 1.3066099910600515 2 153 4 162 6 424 7 242 8 357 9 298 10 288 11 249 12 165 13 200 1 194
95 -0.0017788444720016497 2.9970578980224971 -0.0018604204971169806 97 74 33 0.82461970177100641 2 155 4 163 6 431 8 352 9 299 10 291 11 250 13 198 1 195 12 167 7 243
96 -0.53189133215447504 2.9970471622270125 -0.001897257822609249 132 105 46 1.4789516027610887 2 156 4 164 6 439 7 244 8 348 9 302 10 292 11 252 12 168 13 199 1 196 5 248
97 0.27176189067162909 2.795439726346244 -0.0016282447677180281 128 100 44 1.1978755400395322 2 158 4 172 6 441 7 248 9 303 10 294 11 257 12 171 13 207 1 197 8 366
98 -0.00091093055299618054 2.7984717915346971 -0.001081013386590586 97 73 32 1.154259818548621 2 159 4 171 13 206 1 198 9 306 10 296 7 249 8 362 6 444 11 258 12 172
99 -0.27233673178131301 2.7980933837057038 -6.721806646981196e-05 129 102 44 1.2585538640113427 2 160 4 173 6 449 8 360 9 308 10 298 11 259 12 174 1 199 7 252 13 205
100 0.27271187913282746 2.599213351770989 -0.00044427317849832655 130 103 46 1.2862017113454793 2 165 4 179 6 456 7 256 8 381 9 312 10 302 11 264 12 177 13 211 1 202 5 266
101 1.8829585702307041 2.3941152138947879 -0.00051093656156742367 136 108 48 1.2346026113288235 2 164 4 186 6 445 7 263 8 412 9 307 10 301 12 183 13 217 1 203
102 -0.0032221763928421731 2.5972711200190819 -0.00033441424570299419 99 76 34 1.1425306906835544 2 167 4 180 6 461 7 258 8 375 9 314 10 305 11 265 13 210 1 205 5 264 12 178
104 1.3790355521754225 2.3932736503742973 0.00050903975595592674 131 105 45 1.5738048386629553 2 168 4 187 6 453 7 265 8 405 9 310 10 303 11 269 12 184 13 218 1 207
105 1.9770013031168601 2.2987676493629605 0.0010998312786819145 117 90 39 1.1207815977030215 2 170 4 195 6 451 7 271 8 417 9 309 10 304 11 271 12 187 13 223 1 208
106 1.3861000470325779 2.2997562257216591 -0.002157921315534903 104 80 36 1.367282866521994 2 171 4 196 6 462 7 272 8 409 9 315 10 307 11 277 12 190 13 222 1 209
107 0.27146384428072445 2.3953868470297497 -0.0017685014835780674 128 101 45 0.91976711395124022 2 174 4 189 6 471 7 268 8 390 9 320 10 310 11 270 12 188 13 221 1 210 5 278
108 -0.0026518085859520888 2.3969768231668596 -6.0666294712741502e-06 99 75 34 1.149064574504518 2 175 4 188 6 474 7 269 8 389 9 321 10 312 11 272 12 189 13 220 1 211 5 275
109 1.379145550283877 2.2094660411030298 0.0021334661608426327 130 102 46 1.2607781861201188 2 176 4 198 6 469 7 274 8 415 9 318 10 311 11 279 13 227 1 213
110 -0.27160332456086089 2.3960959888777884 0.00088152664902214288 121 95 40 1.2481645870658009 2 177 13 219 1 214 4 191 7 270 10 313 11 274 12 191 9 324
112 1.8842393222912626 1.9659767319882953 0.0052963733507827206 115 88 37 0.76810226010346405 2 180 4 212 6 476 7 291 9 323 10 315 11 290 12 195 13 244 1 218
113 -0.0025732451907284773 2.1974792650101982 -0.0013932182176361614 98 75 33 1.213016083454332 2 181 4 200 6 489 7 279 8 401 9 332 10 319 11 283 12 193 1 219 5 287 13 230
114 -0.27505509876035811 2.1994881923023497 0.00061725224326209709 128 102 44 1.0409132061162731 2 182 4 202 7 280 8 396 10 322 11 284 12 194 13 229 1 221 9 335
115 1.4699464367004251 1.966762140878304 8.5497264134536141e-05 123 97 42 1.4756987669107204 2 183 6 483 7 295 8 426 9 327 10 318 11 294 12 198 13 245 1 222
116 1.9798565619112412 1.8730147945872777 -0.0032875520587921582 118 90 40 1.2333237026362618 2 185 4 220 6 482 7 299 8 432 9 326 10 320 11 298 12 203 13 249 1 223
117 1.0005275550413055 1.9951452121650757 -0.0051799094262476439 126 99 43 0.81136319018809544 2 184 4 211 6 488 7 290 8 422 9 330 10 321 11 292 12 197 13 240 1 224
118 1.3769935838523193 1.8745222453844606 -0.00028328596039076803 122 97 42 0.85599960541795805 2 188 4 221 6 492 7 300 8 428 9 334 10 323 11 301 12 208 13 250 1 225
119 -0.0014796127829357082 1.9964133781201989 -0.0012060601705046292 98 75 34 1.238416454370507 2 189 4 214 6 506 7 297 8 410 9 339 10 326 12 204 13 241 1 226 5 299 11 296
120 1.9777465503359646 1.6919369659120873 0.00091370790568692361 114 88 38 1.3156357593765433 2 192 4 229 6 498 7 315 8 442 9 336 10 325 11 310 12 213 13 262 1 227
121 -1.7994814457025943 2.1733110153559996 0.0038277311118424685 134 106 46 1.7535229795458225 2 191 4 206 5 272 6 533 7 284 8 380 9 347 10 331 11 289 12 199 13 232 1 228
122 -2.3042918989699435 2.1715978255515003 0.0040388397922609424 131 104 45 1.5363773155482789 2 194 5 268 6 546 7 287 8 369 9 351 10 336 11 293 12 202 13 233 1 231 4 207
123 -1.0058140235051227 1.9965819638764319 -0.00085956398019859008 133 105 47 1.5981332105650605 2 195 4 217 6 534 7 298 8 398 9 348 10 333 11 302 12 209 13 243 1 232 5 289
124 1.3780069498323688 1.6897495632166588 -0.0028918410880296162 119 94 41 1.2423254828291819 2 196 4 230 6 510 7 318 8 435 9 341 10 329 11 313 12 216 13 261 1 233
125 -1.703070817366912 2.0765972721406953 0.000302370354321564 120 93 44 1.4547737767303193 2 197 4 209 5 280 6 542 7 293 8 386 9 350 10 335 11 297 12 206 13 238 1 234
126 1.8844911303501959 1.6018187676843492 0.00054278967594788199 117 92 41 1.1283491641555139 2 198 4 236 6 507 7 323 8 445 9 340 10 330 11 315 12 219 13 268 1 235
127 0.2726100674081775 1.7963285021461657 2.5070911226979477e-05 127 99 43 1.0906951280390969 2 199 4 223 6 524 7 309 8 424 9 343 10 334 11 308 12 214 13 257 1 236
128 -0.0022911765830174497 1.7984451001438322 -0.00043277076818516226 98 75 33 1.3462204006490677 2 200 4 225 1 237 7 310 10 337 12 215 11 309 13 259 5 311 9 346 6 530 8 421
129 1.4706933229256536 1.6016143775250868 -0.0020591508752940478 117 92 41 1.3825042949275983 2 201 6 518 7 326 8 440 9 342 10 332 11 319 12 220 13 267 1 238
130 -2.2965896218025783 2.0767784620655343 0.0029849808587644271 105 80 35 1.4755738965911247 2 202 4 210 5 274 6 554 7 296 8 378 9 356 10 339 11 300 12 210 13 237 1 239
131 -3.7960235369758641 2.2474927718690423 0.0047546549448925918 119 92 40 1.6371592672563482 2 203 7 282 9 361 10 344 11 291 12 205 13 226 1 240
132 -0.27449588835884842 1.7966783907525514 -0.0021022334020267624 132 106 47 1.3831564167621526 2 204 4 227 6 540 7 311 8 419 9 349 10 338 11 312 12 217 13 258 1 241 5 306
133 -4.2947242943883408 2.2437451746760866 0.0082768129323548684 101 77 33 1.0611709568190106 2 208 7 285 9 374 10 350 11 295 12 207 13 228 1 243
134 -2.3049091972847711 1.9826634566520436 0.0016594204186261116 129 102 47 1.5823764946231726 2 209 4 219 5 282 6 567 7 302 8 382 9 360 10 346 11 307 12 212 13 246 1 244
135 -3.6987541304835974 2.1554136705281852 0.0063387720969602917 109 86 41 1.4566052468046091 2 210 7 289 8 355 9 370 10 349 11 299 12 211 13 235 1 245
136 0.2700234592243968 1.5962318863292242 -0.00032041614953240405 129 101 45 1.3261778282771175 2 211 4 239 6 550 7 329 8 430 9 352 10 341 11 325 12 224 13 273 1 246 5 325
139 -3.6976256216698329 1.9907410442994138 0.0049111016600362793 108 85 41 1.2872348147063397 2 215 7 304 8 363 9 387 10 357 11 311 12 218 13 247 1 250
140 3.996406738478536 0.99713230629337657 0.001740086962629379 126 101 45 1.1553572954998879 2 217 4 262 6 527 7 362 8 537 9 345 10 342 11 349 12 241 13 290 1 251
141 -1.7984681512127436 1.7439408694847096 0.0011871319525557874 120 94 42 1.4223763694585356 2 216 4 232 5 296 6 588 7 319 8 404 9 372 10 352 11 323 12 223 13 260 1 252
142 -2.2155732761779161 1.7403584595984813 0.0013728015124306809 120 93 40 1.5098472468462916 2 218 4 233 5 292 6 599 7 322 8 397 9 380 10 358 11 324 12 227 13 263 1 253
143 -1.701532274044129 1.6496926590724668 -7.5773445509927134e-05 118 93 42 1.5990706849756553 2 220 4 237 5 303 6 597 7 332 8 408 9 379 10 359 11 328 12 229 13 266 1 254
145 -3.792381628891782 1.9001299069916859 0.0073632399817363239 103 81 37 1.2874706661066089 2 221 7 312 9 398 10 367 11 318 12 221 13 253 1 256
147 -3.9723929373380673 1.9025251722948628 0.0042370460268674574 100 79 35 1.032961539862755 2 223 7 314 9 401 10 369 11 317 12 222 13 255 1 258
149 -4.2988833898088759 1.9007029064932099 0.005120250454990702 112 88 40 1.6444410385127288 2 226 7 313 8 361 9 409 10 375 11 322 12 225 13 254 1 260
150 -2.3077799999133788 1.6481231210544514 -0.00074469895068296596 121 95 41 1.6746777586844814 2 225 4 238 5 297 6 614 7 335 8 402 9 391 10 368 11 332 12 230 13 269 1 261
151 1.9956494823557673 0.9976613456583181 -0.00044211217433996649 131 104 46 1.6457540702340523 2 228 4 265 6 581 7 364 8 496 9 366 10 364 11 359 12 252 13 291 1 262 5 375
152 -3.7955916836248682 1.7418323134978004 0.0029625010288034824 113 88 39 1.8642575959370253 2 229 7 328 8 379 9 414 10 384 11 331 12 231 13 264 1 264
153 -1.7003643967842597 1.4720286892544538 0.0033684046506645329 116 91 41 1.7434201519693155 2 230 4 245 5 314 6 623 7 340 8 420 9 397 10 376 11 343 12 238 13 275 1 265
154 0.27216275004297813 1.196186788628552 -5.0487304681573719e-05 129 101 45 1.0421185065690943 2 231 4 258 6 602 7 356 8 451 9 382 10 372 11 353 12 245 13 286 1 266 5 348
155 -4.2097443218792208 1.740393109274831 0.0028678377064968639 106 82 36 1.6734341889002731 2 233 7 330 8 371 10 391 11 333 12 232 13 265 1 267
157 4.9924570097438039 0.52052317194713671 -0.0017237186136173813 130 104 48 1.2150012553947307 2 234 4 285 6 563 7 378 8 601 9 358 10 362 12 259 13 301 1 269
158 -3.6977115268338037 1.64991093013992 0.0022274847360015328 110 86 40 1.6034126621098503 2 235 7 337 8 385 9 420 10 392 11 336 12 235 13 270 1 270
159 -2.3057664783876222 1.4696811380979415 0.0041841495309285839 120 93 40 1.2990646192322362 2 236 4 246 5 307 6 637 7 343 8 413 9 411 10 387 11 344 12 240 13 276 1 271
160 -0.27451934578178083 1.1983036163401375 -0.00097953563070913218 132 105 47 1.1337289944939273 2 237 4 259 6 618 7 358 8 443 9 395 10 381 11 356 12 250 13 287 1 272 5 343
161 -1.7943072569423373 1.3775086716480192 0.00083259625444933 113 88 40 1.018936516665635 2 238 4 253 5 319 6 636 7 352 9 408 10 388 11 345 12 243 13 282 1 273
162 -4.3034461637287507 1.6517654751097868 0.0076802148345235834 102 79 33 1.0171925201550556 2 239 7 338 9 433 10 404 11 339 12 239 13 274 1 274
163 -2.2118874861388456 1.3784831517899532 0.0022016757441725055 118 91 41 1.4727134054843194 2 240 4 252 5 315 6 646 7 353 8 418 9 417 10 396 11 348 12 244 13 283 1 275
165 0.53001892095252345 0.99457948684136255 -0.0012609165440598286 129 102 45 1.1137102697038024 2 242 4 266 6 626 7 366 8 467 9 399 10 390 11 363 12 256 13 292 1 278 5 361
167 5.5955144176597402 0.25998732288137266 0.004727961582508663 118 91 37 1.3401427495744092 2 245 4 311 12 272 13 315 1 280 6 579 10 380
169 -3.696008518548656 1.468469466286717 0.0064791409117878219 103 80 37 1.0226974611948358 2 246 7 348 9 442 10 414 11 347 12 248 13 277 1 282
172 -0.53352350647575753 1.0007346478360433 0.0029664231733672062 132 106 47 1.5385106256212895 2 249 4 269 6 651 7 369 8 452 9 418 10 409 11 366 12 258 13 294 1 285 5 351
173 2.9951035639855617 0.5257089367602501 -0.0012543787872543136 130 103 46 1.0817140171999748 2 250 4 288 6 622 7 379 8 558 9 393 10 397 11 377 12 265 13 305 1 286 5 437
174 -4.3058747575893728 1.4698861124660632 0.0039998929135287853 105 82 35 1.3822279648865696 2 252 7 350 8 388 9 455 10 427 11 354 12 251 13 278 1 287
176 -3.7953936145089613 1.3820008277389091 0.0077506052781655572 108 85 39 1.4240895369003519 2 254 7 354 8 400 9 453 10 428 11 357 12 254 13 284 1 290
179 0.26932620728176204 0.79826080900205587 -0.0017905130677452908 125 99 44 1.2269616568212294 2 259 4 275 5 369 6 657 7 374 9 421 10 417 11 371 12 261 13 297 1 295 8 481
180 -4.2082277718251122 1.3804594423382639 0.0020105871369592884 105 80 35 1.7153243455644978 2 261 7 355 8 392 9 464 10 435 11 358 12 255 13 285 1 296
186 -0.27545242016342825 0.79870895423277499 3.6161047962454797e-05 131 105 46 1.4858205838545284 2 268 4 276 5 364 6 676 7 376 8 471 9 434 10 430 12 263 13 299 1 303 11 373
189 -2.0013123145758005 0.99844911699637617 -0.00095474887223054924 127 101 45 1.3169595327674912 2 272 4 270 5 338 6 695 7 370 8 433 9 454 10 438 11 368 12 260 13 295 1 306
192 3.9949861723221129 0.14751106457894592 0.012452476268410133 110 82 34 1.9234868025899623 4 342 1 310 10 425
195 0.99687214910010824 0.52626793289643037 -9.5440811981911021e-06 129 102 46 1.2841406829976891 2 278 4 290 5 403 6 677 7 383 8 519 9 435 10 437 11 382 12 278 13 306 1 313
198 0.27053603625689066 0.59882936303869938 0.00030497993805728304 126 99 45 1.0971730351715974 2 282 4 284 5 383 6 686 7 380 8 498 9 444 10 442 11 379 12 276 13 302 1 316
201 -0.00081166787497088477 0.5992059452805929 -0.0021879358656760723 96 72 31 1.1951182470518387 2 286 4 283 5 380 6 696 7 381 8 493 9 450 10 449 11 380 12 280 13 304 1 320
205 -0.27237847044061181 0.5977103380188491 -0.001088943885893026 129 103 45 1.5783634991071274 2 289 4 286 5 377 6 704 7 382 8 487 9 459 10 455 11 383 12 282 13 303 1 324
206 2.1967024418615373 0.26727370625143138 -0.0005318531187863436 128 102 46 1.3666703448882436 10 446 11 393 12 299 13 330 1 325 2 290 4 323 6 681 7 404 9 437 8 566 5 451
208 1.7961711496655841 0.26544276797903116 -0.001981066888882538 128 100 45 1.444728348939833 2 294 4 328 5 445 6 690 7 406 8 556 9 446 10 453 11 395 12 304 13 331 1 327
211 1.5985016133250078 0.26817107713139188 8.7443822313114963e-05 129 101 45 1.2392354379330013 2 297 4 327 5 441 7 407 8 552 9 448 10 457 11 397 12 306 13 332 1 330 6 699
215 -4.0019135473258931 0.99936155113640734 0.0030183625129745787 119 94 43 1.3794803175033701 2 301 7 371 8 416 9 493 10 477 11 375 12 270 13 296 1 334
216 1.3955530000629159 0.26719476473602066 8.3088188945953435e-05 128 102 45 1.6061291963561155 2 302 4 326 6 703 7 408 8 549 9 456 10 460 11 399 12 308 13 334 1 335 5 436
218 0.39641297141430359 0.39677813468442785 -0.0007138377229805534 114 87 39 1.0098477614825088 2 304 4 296 5 406 6 710 7 392 8 517 9 465 10 463 11 392 12 300 13 309 1 337
219 1.1956393369721376 0.26675498722272489 -0.0012084337004520721 128 101 46 1.4542604958343668 4 331 11 400 12 311 13 333 10 464 6 706 9 460 1 338 2 306 7 409 8 547 5 433
223 -0.0016957007842259958 0.39759286928758919 -0.0020380032860111332 94 72 32 1.3244396023002749 2 309 4 298 5 400 6 719 7 394 8 511 9 472 10 470 11 394 12 303 13 310 1 345
224 -1.0009299488052315 0.52358864374710234 -0.002263382200289757 128 101 45 1.4235554113579194 2 310 4 293 5 372 6 730 7 384 8 479 9 478 10 474 11 388 12 296 13 307 1 346
227 0.79844757501145047 0.26585472349858996 -0.0026327792789224425 126 100 44 1.5762955765259299 2 314 4 329 5 427 6 717 7 411 8 539 9 468 10 471 11 405 12 314 13 335 1 349
228 0.59788117138297292 0.26838239145804105 -0.0012933447169271523 129 101 45 1.1941320064606169 2 315 4 330 5 424 6 726 7 410 8 534 9 473 10 475 11 406 12 316 13 336 1 351
229 2.5952643679664456 -0.0021058078957827604 -0.0008964641697102178 95 73 33 1.3025178379826665 2 316 4 374 8 598 10 468 12 335 1 352 7 452 11 422 5 481 9 458 13 382 6 705
230 -0.40128738867797314 0.3987864463721128 -0.0028074671587363519 120 95 42 1.3543020551425904 2 318 4 297 5 392 6 731 7 396 8 502 9 479 10 479 11 396 12 310 13 313 1 354
234 2.1950262511232168 -0.0039382117365261904 -0.0020282497015945461 96 73 33 1.200126176073683 2 322 4 377 5 477 6 716 7 454 8 591 9 467 10 476 12 341 13 384 1 358 11 428
235 1.9948981231087324 -0.0041427627227359166 0.00015498888621545191 92 69 29 1.3020444538946632 2 323 4 379 5 472 6 725 9 470 11 430 12 344 13 383 1 359 10 482
238 0.19695978605368128 0.20058876775762868 -0.0023520379249504981 119 92 41 1.5520826742186449 2 327 4 345 5 423 6 741 7 419 8 533 9 485 10 489 11 414 12 332 13 348 1 363
241 -0.0035139376036733803 0.19838390985820042 0.0016226421433295664 94 72 31 1.3770638055499813 2 330 4 343 5 417 6 746 7 420 8 528 9 489 10 492 11 417 12 334 13 349 1 366
242 -0.60210445021915704 0.26741060011088169 -0.0013916512438028948 127 101 46 1.3538956527203732 2 333 4 333 5 402 6 754 7 414 8 510 9 494 10 495 11 411 13 338 1 368 12 329
243 1.3957682701892646 -0.0019752243879832851 0.00078048799449182001 95 72 32 1.1244403983498061 11 436 12 352 13 387 1 369 2 331 6 739 7 458 4 381 8 573 9 481 10 490 5 466
245 -0.20213048275170131 0.19913666390130316 -0.00064769669214763024 119 93 40 1.223939028752645 2 334 4 344 5 413 6 750 7 422 8 524 9 492 10 497 11 419 12 338 13 351 1 372
246 -0.80094983291129429 0.26887483956861113 -0.00077155190282105282 128 101 44 1.7212829580661895 2 336 4 336 5 399 6 760 7 413 8 507 9 497 10 500 11 413 13 339 1 373 12 331
249 4.9994894108607948 -0.53040219457571069 -0.00030219788589932919 127 101 45 1.4077938583533625 2 338 4 461 6 712 7 528 8 693 10 486 12 398 13 472 1 376
251 -3.0024281537721982 0.52643161731763211 0.0027042741393241785 122 97 45 1.2333525916524064 2 341 7 389 8 446 9 517 10 509 11 403 12 319 13 308 1 380 5 355
252 -1.2004046967485642 0.26740385578415032 0.0013346675824998269 128 101 45 1.2196036200094309 11 418 12 340 13 340 1 382 2 344 6 768 7 415 9 506 10 506 4 335 5 391 8 499
253 0.79629141616364751 -0.0018757262202006124 -0.0025953157633167709 94 72 32 0.98486186086069016 2 343 4 385 5 453 6 751 7 461 9 491 10 501 11 442 12 362 13 390 1 383 8 562
254 2.7966319809459845 -0.27377487883359181 -0.00054933765266221139 125 99 44 1.4314262225512466 2 342 4 433 5 508 6 738 8 634 9 480 10 494 11 463 12 381 13 440 1 384 7 505
258 0.39880236700589189 -0.0021561092270030464 -0.0019966692112277054 94 71 31 1.2747293361227046 2 351 4 389 5 447 6 762 7 463 9 501 11 447 12 366 13 391 1 390 8 553 10 507
259 2.3944071374507794 -0.27084622637778855 0.0011743977346279659 124 98 43 1.5410161731436567 2 352 4 431 5 502 6 748 7 508 8 626 9 487 12 391 1 391 10 502 11 467 13 442
260 -1.5969148326085512 0.26490890587625598 -0.0016841370367222679 125 99 42 1.0446143688661709 2 353 11 423 12 345 13 343 1 392 4 337 6 780 7 416 9 513
261 2.1976200086998139 -0.27430644175199892 0.0002857209923140984 126 99 45 1.4085463515262324 4 436 5 501 6 752 7 511 9 490 10 505 13 444 1 393 2 354 8 621 11 469 12 394
262 -1.8006824696442163 0.26758704140237821 0.00014680979256864924 126 101 45 1.7364423999136076 2 355 5 382 6 787 7 418 9 518 10 516 11 427 12 350 13 342 1 394 8 485 4 341
263 0.19774958929858566 -0.00026148252173634033 -0.0005217018692741215 94 71 31 1.1228392896598358 2 356 4 388 5 443 6 769 7 464 8 550 9 504 10 511 11 449 12 367 13 393 1 395
265 1.7950671173370536 -0.27799072813933579 -0.0013081784925123411 127 101 44 1.2134066223793554 2 358 4 440 5 493 6 763 7 512 8 613 9 498 10 512 11 474 12 399 13 445 1 397
266 -2.200682912629774 0.26799176043124306 0.002664948321150933 125 98 43 1.0965063412407194 11 432 12 355 13 344 1 398 2 361 6 796 7 421 9 525 10 526 4 340 5 379
267 -0.20251620359565461 -0.0019997286614423936 0.0010010216779206479 94 72 31 1.1701010956908993 2 359 4 391 5 435 6 781 7 466 8 543 9 510 10 517 11 455 12 374 13 394 1 399
269 -0.40099425764843349 -0.0009137831791088374 -0.0011814359914837898 96 73 31 1.2188789484414049 2 363 4 395 5 432 6 788 7 467 8 540 9 514 10 522 11 457 12 378 13 396 1 401
270 -2.4015949412614446 0.26943820221412257 0.0021597603418274038 127 101 45 1.5117392048018017 11 434 12 358 1 402 4 339 7 425 10 529 13 346 2 362 6 803 8 476 9 529 5 374
271 -2.6017638039041415 0.27026579156098984 0.0050447248964083499 122 97 45 1.2159330056076929 2 368 7 427 8 473 9 533 11 437 12 361 13 345 1 403 5 371
272 -0.60086152290247097 -0.0014354493328497329 9.2707850144489994e-05 96 72 32 1.0190317001744629 2 367 4 390 5 429 7 468 8 535 9 519 10 527 11 458 12 380 13 397 1 404 6 791
273 1.3980536407475155 -0.27516018999432629 -0.0026166287945683219 124 98 43 1.639308617266912 2 366 4 439 5 486 6 776 7 514 8 600 9 505 10 519 11 478 12 404 13 446 1 406
274 1.1968473041080683 -0.27422052196997226 0.00032776632017932587 126 99 44 1.5864123557028995 2 369 4 434 5 483 6 782 7 515 8 595 9 508 10 524 11 481 12 407 13 448 1 407
275 -0.80339133603788837 0.00015526495814658118 0.0014095419687437172 95 74 32 1.426377218005735 2 371 5 426 7 469 8 531 9 524 10 530 11 460 12 385 13 398 1 408 4 394 6 797
276 -2.7995467429188103 0.2684121715414815 0.0034389275527553836 117 93 41 1.1656198599588832 2 372 7 429 9 537 10 536 11 438 13 347 1 409 12 363 5 370
277 2.9960325311601252 -0.53079347978241831 -0.0022739442772721891 124 98 45 1.7535525009290385 2 373 4 462 5 521 6 765 7 539 8 658 9 499 10 520 11 499 12 420 13 476 1 410
278 0.39600109705852959 -0.13527202143372652 -0.009719287800245174 121 92 33 0.6120505370009286 4 406 12 392
280 0.79790342986755203 -0.27553925106320065 -0.003342856152940396 126 97 43 0.98165792106460026 2 375 4 442 5 479 6 792 7 516 8 588 9 516 10 531 11 486 12 412 13 449 1 413
281 -1.2023147317196994 0.00026334659981124242 0.0014936571003375805 96 73 32 1.2848725929487814 11 465 12 393 1 414 4 396 7 471 10 537 13 400 2 376 6 808 8 522 9 531 5 416
283 -3.2004524958635088 0.26584751595073042 0.0020695760726952912 119 94 43 1.2333849289574623 7 432 8 461 9 544 10 543 12 368 11 443 1 416 2 377 13 350
284 0.19779012799053305 -0.20246527387192254 -0.0034575512652032731 110 84 38 1.0789751563810674 2 378 4 420 5 464 6 798 7 507 8 568 9 522 10 534 11 480 12 406 13 436 1 417
285 -3.4024967937678379 0.27024616444818389 0.0059570678429907787 121 96 43 1.3008772756301441 2 382 7 434 8 458 9 548 10 546 11 445 13 352 1 418 12 371
286 -1.4032429092229677 -0.0023524584773873211 0.0013638565133480792 96 74 32 1.2428764852984311 2 381 7 472 10 540 12 395 13 401 1 419 4 400 8 518 11 466 9 534 5 412 6 815
287 0.59803033228376212 -0.27441741426197258 0.0007811281378943579 124 98 42 1.4603243193698956 2 380 4 438 5 476 6 799 7 517 8 583 9 520 10 535 11 488 12 416 13 450 1 420
288 -0.0032464080688883522 -0.20376379263967825 -0.0025347226944072514 93 72 31 1.236841820322649 4 419 5 460 6 805 7 509 8 563 10 538 11 483 12 410 13 438 1 421 2 383 9 526
289 -1.602030471165264 -0.00025434604926403395 0.0014818222240563579 97 74 33 1.2026493995488894 5 411 6 818 7 474 9 538 10 544 4 399 11 468 12 397 1 422 2 384 13 402 8 514
291 -0.20354423801157343 -0.20115702114411771 -0.0017731877424962078 116 90 39 1.1419351980603347 2 386 4 414 5 455 6 812 7 510 8 561 9 530 10 542 11 485 12 414 13 441 1 424
295 -2.2025559557852001 -0.00050626699244163181 -0.00093262990357691742 96 74 32 1.2099287859018886 11 475 13 405 1 432 10 554 9 549 12 405 2 392 4 401 7 478 6 835 5 401 8 503
296 -4.20014417396263 0.26230368024890782 0.0071915507907099096 108 84 36 1.3710658053461857 2 393 7 441 9 567 10 565 11 456 12 383 13 357 1 433
298 0.39950875910742589 -0.39963973331764641 0.0014984409707208895 113 86 37 1.3002139548218723 2 397 4 455 5 482 6 820 7 532 8 590 9 535 10 552 11 504 12 430 13 470 1 437
301 -0.60083944271446643 -0.27433914651390778 0.00071981046671835069 127 100 43 1.4259176175827506 2 399 4 444 5 456 6 831 7 518 8 559 9 541 10 559 11 498 12 423 13 451 1 441
302 -2.8036573496539683 -0.00047039190326253298 0.0042473850346911556 91 71 31 1.9882692825306794 2 402 7 483 8 490 10 568 11 482 13 408 5 390 12 415 9 563 1 442
303 -0.80063361889494167 -0.27408861946325858 -0.0025141199200614415 125 98 43 1.6244841584187066 2 403 4 443 5 452 6 836 7 519 8 555 9 547 10 561 11 500 12 425 13 452 1 443
304 0.99926925721113291 -0.53042241422072167 -0.0020144040474433644 124 98 42 1.7065594394005388 2 404 4 464 5 503 6 821 7 542 8 618 9 536 10 557 11 512 12 437 13 477 1 444
305 -0.003590148052077885 -0.40269474519538212 -0.0012480209834457912 95 73 31 1.3032434514198454 2 406 4 457 5 478 6 833 7 534 8 582 9 543 10 562 11 506 12 433 13 471 1 446
306 -3.0015195566667878 0.00095820516293411754 0.0021845839355152537 92 70 31 1.3866808102851516 11 484 12 417 13 410 2 407 1 447 7 484 9 568 10 571 8 486 5 388
307 -1.2007907450267503 -0.27410348372920673 0.0016003092145033034 126 100 43 1.112359914423602 2 408 4 445 5 446 6 845 7 521 8 548 9 554 10 570 11 501 12 429 13 453 1 448
309 3.9958010492620293 -1.0057554722852817 -0.00087761840523612757 127 102 46 1.368699302242858 2 409 4 486 6 809 7 552 8 710 9 523 10 555 11 531 12 456 13 493 1 450 5 558
310 -0.40313747062315819 -0.40041842341632916 -0.00063193942947499635 116 91 40 0.99977810057600225 2 412 4 456 5 470 6 840 7 537 8 575 9 550 10 569 11 508 12 436 13 474 1 451
311 -1.4014241082157102 -0.27581390544875917 -0.00014646609218201681 127 100 43 1.3884728307337564 2 414 6 848 7 520 8 544 9 559 10 573 11 503 12 431 13 455 1 453 5 442 4 451
313 -3.6050248312252742 -0.0041474957793232311 0.00073380034323843101 92 70 31 1.1867666339884571 11 490 12 421 13 412 1 456 2 418 8 477 9 577 10 580 7 490
314 -1.6018110731483364 -0.27729811604193094 0.00026640359500482592 127 100 44 1.4581893455688324 4 450 5 438 11 505 13 454 6 855 8 541 2 417 7 522 9 566 1 457 10 576 12 434
315 -1.8021911802163977 -0.27134757262968023 0.0032920016342109144 125 98 43 1.4298805170239699 2 419 4 447 6 860 7 523 9 569 10 578 11 507 13 456 1 458 5 434 12 435 8 538
316 -3.8019403331960815 -0.00275312501092121 0.00012731026452842512 92 71 32 1.2488300694124284 2 420 9 581 11 491 12 422 1 459 10 584 13 413 8 474 7 493
318 0.27027290251530767 -0.60393155461351633 -0.0021810325783168882 127 98 43 1.2380291900806313 2 422 4 469 5 497 6 849 7 544 8 610 9 556 10 579 11 523 12 449 13 481 1 461
319 -2.2036483256990231 -0.27496324858078108 0.0012483625327033207 126 100 44 1.6925258973252406 2 424 4 446 5 428 8 527 11 510 12 438 13 458 1 462 6 870 7 524 9 574 10 585
324 -2.6023524015265656 -0.27110071746772491 0.0040614165692064077 125 98 44 1.3588747589764445 2 430 7 527 8 520 9 583 10 594 12 441 13 460 1 468 4 452 11 513 6 879 5 421
325 -0.27572426556437107 -0.60390962891351907 -0.00031892133246033964 129 104 45 1.0943068410150032 2 431 4 468 5 489 6 863 7 546 8 596 9 570 10 586 11 527 12 453 13 483 1 469
327 -2.8031193108035346 -0.27214418282657316 0.0039901722458241086 124 100 45 1.4536219390651808 10 600 11 514 12 442 13 459 1 471 2 434 6 884 7 529 8 516 9 587 5 415
330 -1.0014663477555827 -0.52954960010674379 0.0038378426646829031 127 101 43 1.282529426648795 2 435 4 465 5 475 6 874 7 543 8 574 9 575 10 593 11 526 12 452 13 480 1 474
331 5.6926602376145041 -1.4570414667610949 -0.0036019379005064129 110 88 39 1.9578307413760214 2 433 4 516 6 825 10 575 12 469 13 513 5 609
334 1.9976476262884639 -1.0051402882145424 0.00066281865738802869 127 100 44 1.5031642574358373 2 439 4 488 5 535 6 861 7 554 8 683 9 562 10 591 11 540 12 463 13 494 1 480
335 -3.4033403644391602 -0.27662156797776594 0.00098146239516231216 118 96 44 1.373964457706252 2 443 9 596 10 611 13 465 1 482 7 531 11 519 8 505
336 0.27159590800709987 -0.80322966580264199 -0.00048360464711356331 126 100 44 1.245187947994929 2 444 4 481 5 511 6 875 7 549 8 629 9 576 10 602 11 535 12 459 13 489 1 484
337 -3.6010309563057956 -0.27506133380404069 0.0086861142099939909 116 92 41 0.96184602866399338 11 521 13 464 1 486 2 445 10 613 12 448 7 533 9 600
338 4.1973291233189522 -1.3769563194277432 -0.0012977135768761363 135 110 51 1.8123734395177493 2 446 4 508 5 584 6 854 7 566 8 732 9 551 10 595 12 472 13 510 1 487
340 -0.0023437867152324254 -0.80356981980121023 -0.0038105595089485554 95 72 31 1.4034974519883461 2 449 4 480 5 510 6 882 7 550 8 625 9 582 10 609 11 536 12 461 13 490 1 489
341 5.6892218976775135 -1.6392985034902801 0.0048611669442041221 116 91 39 1.6742368616167886 2 450 4 533 6 850 10 598 12 479 13 524 1 490 5 626
342 -0.27521371391324051 -0.80195064311305986 -0.0015995947771033569 130 104 46 1.3346026328045026 2 453 4 479 5 506 6 885 7 551 8 617 9 586 10 612 11 537 12 462 13 491 1 492
343 3.6991459966743361 -1.3843055451183199 0.0018086985244937612 117 93 43 0.82359789141705697 2 455 4 509 5 580 6 866 7 567 8 727 9 565 10 605 11 551 12 474 13 512 1 493
344 4.3056200430182257 -1.4739170293555923 -0.00025242191218482416 124 97 41 1.978520223995377 2 458 4 520 6 864 7 568 8 738 9 560 10 606 12 476 13 515 1 494
345 -4.2030112596677229 -0.27415888350877837 0.0064182263040408012 104 82 36 0.99652706983941364 2 459 7 536 11 524 12 454 1 495 10 621 13 467
347 5.787054433754844 -1.7281805456181596 0.0014653286664736459 118 93 40 1.6594202213150477 4 545 6 862 10 607 12 488 13 530 1 497 5 633
349 0.52785811052476472 -1.0022050102811506 -0.0016220384207634056 126 99 44 1.4592713082317568 2 462 4 489 5 522 6 891 7 555 8 652 9 591 10 617 11 542 12 468 13 496 1 499
350 -4.7962855032555751 -0.27720598497455118 -0.00012954743928117343 93 75 36 0.52876437005410859 2 465 7 541 1 500
351 -3.0022285405094871 -0.53389977087630436 -0.00040887247975245918 122 97 43 1.5260032235458447 2 464 5 440 7 548 8 536 9 608 10 625 11 534 12 460 13 484 1 501
352 -0.0023915909344115033 -0.99949855079193395 -0.0019590116568119591 95 73 31 1.2651008371684829 2 467 4 490 5 518 6 900 7 556 8 643 9 598 10 624 11 546 13 497 1 502 12 470
353 4.2955290817943137 -1.6350798431348077 -1.6748426451732207e-05 126 99 45 1.7895475952305475 4 534 6 883 7 578 8 747 9 573 10 619 12 491 13 527 1 505 5 602
354 -0.53224535851426114 -1.0014505579657305 0.00060733373263920315 130 103 45 1.3207127339765561 2 472 4 492 5 515 6 908 7 557 8 631 9 606 10 630 11 548 12 473 13 499 1 506
355 4.2038824740178242 -1.7294248345329333 0.00090111437159439973 118 92 39 1.3302738390762983 2 474 4 544 6 892 7 579 9 584 10 627 12 499 13 532 1 507
356 5.6917404474135402 -1.9703126456006042 0.0044707122477709495 118 96 44 1.9238308204429366 6 890 10 628 12 513 13 549 1 508 5 649
357 2.1990384346359351 -1.4546460793022242 -0.0014873512681675648 134 108 49 1.7806605653487704 2 475 4 519 5 567 6 902 7 569 8 712 9 597 10 632 11 560 12 492 13 517 1 509
358 4.0209283936993554 -1.7206765626392659 0.00094432058622487399 118 93 41 1.4266842949727299 2 476 4 541 6 894 7 582 8 749 9 588 10 629 11 568 12 502 13 534 1 510 5 605
359 0.27056156828966554 -1.2010155152826774 -0.0024561543070488242 127 100 44 1.7511562773761262 2 478 4 500 5 529 6 912 7 562 9 607 10 636 11 555 12 482 13 506 1 512 8 664
360 3.6980914751900773 -1.7231734738880529 -0.0021058470491882152 127 101 44 1.3801763049771927 2 479 4 538 6 901 7 583 8 744 9 593 10 633 11 573 12 505 13 535 1 513 5 600
362 1.6978309350253424 -1.4566527018572701 -0.00011877351731834406 128 104 47 1.6202125076561504 2 481 4 517 6 911 7 572 8 707 9 605 10 638 11 563 12 494 13 520 1 515 5 560
363 2.293642604204408 -1.54908327120911 -0.0015181158579899402 117 92 38 1.4623716347565379 2 482 4 523 5 574 6 909 7 576 8 719 9 601 10 639 11 566 12 498 13 525 1 516
364 -0.2741082677396407 -1.2034016855484693 -0.0037185431263491624 129 103 44 1.297989467194874 2 484 4 501 5 525 6 921 7 565 8 653 9 615 10 644 11 559 12 489 13 508 1 518
365 4.2045704245923963 -1.8828185241374498 0.0011756645481983865 116 90 41 1.2620628835467487 2 485 4 557 6 907 7 591 10 641 11 578 12 516 13 543 1 519 5 623
366 -2.0027527752208929 -1.0027524503849066 0.0029470402057289089 126 101 44 0.99043846071659214 2 487 4 491 5 496 6 929 7 558 8 597 9 621 10 652 11 552 12 481 13 500 1 520
367 1.7056195173984521 -1.5506597134735478 0.0040375969323481146 101 78 34 1.5998884386396208 2 488 4 522 5 568 6 918 7 577 9 611 10 648 11 572 12 506 13 526 1 522
368 3.7849103080076478 -1.8854457959791253 -0.002660810666406548 122 98 45 2.0017910594513535 2 491 4 556 6 914 7 594 8 755 9 604 10 647 11 582 12 518 13 545 1 523 5 615
369 5.6949855752729874 -2.1563194858782708 0.0040191528671911581 110 87 38 1.3313654545060538 2 490 4 582 6 905 10 643 12 526 13 561 1 524 5 659
370 4.3019430862222183 -1.976235518581879 0.0021112563753163177 120 94 41 1.697813481553522 2 492 4 566 6 915 7 600 9 602 10 649 12 523 13 555 1 525 5 630
371 0.27264457602669551 -1.4042008810982052 -0.0031767452964656167 128 102 46 1.2858810115515389 2 494 4 512 5 541 6 926 7 570 8 686 9 617 10 653 11 567 13 518 1 527 12 504
372 1.6956719032532344 -1.6444769338238163 -7.4249302613453786e-05 129 103 44 1.8102265553276415 2 496 4 535 5 573 6 924 7 581 8 718 9 616 10 656 11 576 12 515 13 531 1 529
373 -0.0032124916286614428 -1.4008127126970082 -0.0031966543038889541 97 74 32 1.1745487748411572 2 497 4 511 6 930 7 571 8 680 10 657 11 570 13 519 1 530 5 536 12 507 9 619
374 3.6979171595844065 -1.9670205740099673 0.0013925733950210281 126 103 48 2.0599202332616677 2 500 4 563 6 922 7 601 8 760 9 610 10 654 12 528 13 556 1 532 5 621
375 -0.26943157127936745 -1.4024719537642378 0.00012248156289941436 125 98 43 1.147996399436414 2 501 4 510 5 534 6 931 7 573 9 624 10 659 11 574 12 510 13 521 1 533
376 4.3039607889386966 -2.15875801837604 0.0032597069346551578 119 92 40 2.3905884269476823 2 503 4 581 6 928 7 610 9 614 10 660 12 536 13 566 1 534 5 644
377 0.27322794666040673 -1.6023882735210819 -0.00164823257383202 127 101 44 1.5333601655627094 2 505 4 529 5 550 6 938 7 580 8 696 9 629 10 668 11 581 12 521 13 533 1 535
378 2.2037232303272813 -1.8856469582804654 0.0011416836024151821 125 99 45 1.984136619990007 2 506 4 559 5 594 6 936 7 598 8 736 9 620 10 665 12 532 13 552 1 537
379 -3.9987895991918423 -1.0054667807594413 0.00380729456871096 108 86 38 0.6730670238234826 2 507 7 561 10 676 11 562 12 501 13 501 1 538
381 1.787747558394952 -1.8846673216109038 0.00011867927582600981 120 96 43 1.4109681861691483 2 510 4 555 5 587 6 939 7 599 8 731 9 627 10 669 11 592 12 534 13 554 1 540
382 3.6950737081022096 -2.1589353260876445 -4.1362469990726433e-05 119 96 42 1.615776496662946 2 509 4 580 6 934 7 611 8 768 9 618 10 666 11 603 12 544 13 568 1 541 5 636
383 4.2064825879024381 -2.2493460124555344 -0.00055192003806798476 109 85 34 1.3419215643665916 2 511 4 596 6 935 10 667 12 549 13 573 1 542
384 -0.27431883735923074 -1.6037048871465505 -0.002295865914705408 132 105 46 1.3258924728677586 2 512 4 531 5 546 6 944 7 585 9 635 10 675 11 585 12 527 13 537 1 543 8 689
385 2.2989304747891213 -1.9748140832521983 -0.0012657225276102829 119 93 40 1.5660119126730745 2 513 4 565 5 599 6 940 7 604 8 741 9 626 10 672 11 595 12 538 13 558 1 544
386 3.7914179433208899 -2.2501006703691577 -0.0037475408205269061 115 90 39 1.7902159449840922 2 515 4 595 6 937 7 619 9 623 10 673 11 609 12 552 13 576 1 548 5 643
387 1.6928573776730373 -1.9746009047387241 -0.0011756191274477394 124 99 45 1.6838068843482912 2 518 4 568 5 592 6 945 7 606 8 734 9 633 10 677 11 602 12 543 13 559 1 549
388 0.27036221054845833 -1.803016591623452 -0.0014629395790201221 126 101 45 1.345610336246021 2 519 4 552 5 564 6 950 7 595 8 708 9 640 10 680 11 594 12 540 13 550 1 551
389 -0.0032201067126931349 -1.8013145595547975 -0.0013061302779173462 98 75 32 1.5052776080036667 2 520 4 550 5 561 6 953 7 596 8 704 9 647 10 682 11 597 12 541 13 551 1 552
390 -1.4741312330139305 -1.6074054206175528 0.0015180702071124778 127 101 44 1.4711283054119186 2 521 4 530 5 532 6 961 7 586 9 655 10 686 11 590 12 535 13 539 1 553
391 2.2984863265428319 -2.1595707102504211 -0.0018594240448375761 118 92 40 1.7896345779366547 2 522 4 583 5 614 6 949 7 614 8 753 9 636 10 681 11 611 12 555 13 571 1 554
392 -0.27338212764675418 -1.8005461138800998 -6.5707559621192431e-05 132 105 47 1.423402603042474 2 523 4 549 5 555 6 960 7 597 8 700 9 649 10 685 11 601 12 545 13 553 1 555
393 0.99842767120859177 -2.0015705000822583 -0.0053179147890456959 127 100 46 1.3579096554205925 2 524 4 572 5 586 6 954 7 607 8 728 9 645 10 684 11 608 12 553 13 562 1 556
394 -1.9826705360359411 -1.6097155184776193 0.0024709293323111302 127 102 46 1.6196492346767655 2 526 5 528 7 587 8 657 9 659 10 693 11 593 12 539 13 538 1 557
395 -1.3795422497939676 -1.7015777009964155 -0.0033438458500805279 113 89 39 1.0915278810099931 2 527 4 540 6 966 7 590 9 657 10 692 11 600 12 542 13 544 1 558
396 1.6941184095325914 -2.1605874983306519 -0.0032212429576392388 121 96 43 1.4115531664853691 2 528 4 584 5 604 6 957 7 617 8 743 9 646 10 688 11 614 12 559 13 574 1 559
397 2.2011188576398615 -2.2468846953948716 0.0014318604099122321 113 89 38 1.1388518581787657 2 529 4 593 5 618 6 958 7 621 9 644 10 689 11 617 12 562 13 579 1 560
398 1.7854283919237535 -2.246631548107286 -0.0032388110810410479 120 95 40 1.6151598419451723 2 530 4 594 5 612 6 963 7 622 8 750 9 651 10 694 11 622 12 565 13 580 1 562
399 -1.975450640733964 -1.6993654926805697 0.00079476699847870513 105 81 34 1.5532976118402169 2 532 4 537 5 533 7 593 8 668 9 665 10 697 11 605 12 550 13 548 1 563
401 -1.984098257407777 -1.7928157447538497 0.0036956774280617107 128 101 43 1.7510777196136238 2 537 4 548 5 538 7 602 8 676 9 670 10 701 11 610 12 557 13 557 1 567
402 -1.0038784586260638 -2.0034378180551649 -0.00080463265652111092 129 103 45 1.4705410199917701 2 539 4 570 5 562 6 977 7 613 9 669 10 705 11 619 12 566 13 570 1 568
403 0.26944987979427332 -2.2020569037169038 -0.0016609512464789181 127 100 44 1.318101825056698 2 540 4 588 5 589 6 975 7 624 8 730 9 666 10 704 11 625 12 569 13 582 1 569
404 -0.0014277503993536595 -2.2005902775625636 -0.0007173079302670622 99 76 33 1.5005830323529834 2 542 4 591 5 585 6 978 7 625 10 706 11 628 12 571 1 572 8 726 9 668 13 584
405 -0.27311944651496978 -2.20047544048274 -0.0015568626497624236 131 104 46 1.3754497095455671 2 544 4 590 5 582 6 980 7 626 8 724 9 674 10 708 11 629 12 574 13 585 1 573
406 -1.4764229013726997 -2.0353114235998566 -0.0004899450481791668 116 92 41 2.0318926897362712 2 545 4 574 5 557 7 615 8 698 9 677 10 709 11 623 12 568 13 572 1 574
407 -1.8905377322526311 -2.0336549417966787 0.00133812797672265 124 98 44 1.843244716221518 2 547 4 573 5 551 6 986 7 616 8 692 9 685 10 711 11 626 12 572 13 575 1 576
408 -1.3790424602407401 -2.1286490630632677 0.00038347585542754801 120 95 43 1.8835200082187213 2 548 4 579 5 566 6 987 7 620 8 706 9 684 10 712 11 631 12 575 13 581 1 578
409 0.26961085139012081 -2.4001003113201813 0.0017539523150719755 128 101 45 1.5046098530713568 2 549 4 608 5 601 6 983 7 629 8 739 10 713 11 639 12 579 1 579 13 589 9 678
411 -1.983854748151832 -2.1210893724886803 -0.0007972756158873967 123 98 43 1.9622356648656136 2 551 4 578 5 556 7 623 8 697 9 689 10 718 11 635 12 576 13 583 1 581
413 -1.3819708121817458 -2.3071804521363077 0.0022796234594203916 116 93 41 1.3555648333527763 2 554 5 577 6 1002 7 627 8 715 9 695 10 722 11 642 12 583 13 587 1 584
415 0.00056798807538207261 -2.5997454867515506 -0.0025933081075450691 100 77 34 1.2068728247910976 4 616 5 611 7 636 8 748 1 588 2 556 6 1006 11 653 13 597 9 693 10 726 12 591
416 -1.9827422030088562 -2.3135420759094103 0.0022547568907471888 115 91 38 1.6392433189481734 2 557 4 599 5 571 7 628 10 729 11 646 12 585 1 589 9 703
417 -1.4753667490590205 -2.395711172011842 0.0028911391365920723 115 91 38 1.8947704727921455 2 558 4 604 5 581 6 1015 7 633 9 700 10 730 11 649 12 586 13 593 1 590
418 -0.27325659041986483 -2.5989490666452126 -0.0031493977484132918 131 106 47 1.8090447305375748 2 559 4 615 5 606 7 637 8 742 9 696 10 732 11 655 12 592 13 598 1 591 6 1014
419 -1.8890996405053309 -2.4001111642878201 0.0033627754086138378 114 88 38 1.4318164545612846 2 560 4 605 5 576 7 634 10 733 11 651 12 590 13 594 1 592 9 706
423 0.5296048041714112 -3.001213773386223 -0.00062557057608039963 124 99 44 1.6566499747058854 2 565 4 633 5 648 6 1029 7 647 9 709 10 740 11 670 12 604 13 609 1 600
424 0.0014774975079847972 -3.0040143257498806 -8.713281453270526e-05 98 76 33 0.69545709059893945 2 567 6 1033 7 648 12 606 13 610 1 601 10 744
425 -0.52863816199022573 -2.9996632929512592 0.001628158464676838 128 102 45 1.3061703707701537 2 569 4 631 5 635 6 1037 7 649 9 719 10 746 11 675 12 607 13 611 1 603
426 0.26977725570978067 -3.2025694655150869 0.0019064855336911218 122 97 43 1.2567438404691136 9 724 10 747 13 616 1 604 11 679 4 641 12 612 6 1041 7 653 2 571 5 657
428 -0.27096161658315532 -3.2018347343952236 0.0034881892143557467 127 102 45 2.0975642754030814 2 575 5 652 6 1046 7 655 9 727 10 751 11 683 12 615 13 618 1 608 4 639
430 0.0033910829050926394 -3.3997496987058713 -0.012638143912166278 104 83 38 1.6483527505600204 2 578 7 659 9 733 13 623 1 611 8 776
434 -0.27218131934073131 -3.6039918682513004 -0.00040231008799817875 126 100 44 1.5111405309483463 2 585 13 631 1 616 7 665 10 766 12 629 4 652 11 701 5 673 6 1063
436 -1.4754225817110735 -3.5673938966664847 0.0076956799650543996 120 96 42 1.3558810560249703 2 589 4 649 5 658 7 666 10 773 11 705 12 632 13 632 1 618
439 0.99974422419436604 -4.0025352575155022 0.0010470035866789269 122 97 44 1.59605624549252 2 593 4 669 5 708 6 1072 7 680 10 774 11 718 12 640 13 646 1 623
440 -1.3783644217785331 -3.6619363898067596 0.0017371291610919183 106 83 37 0.86198523452287745 2 594 4 655 7 670 10 778 11 711 12 637 13 636 1 624
441 -1.9805862482126497 -3.5741101270176467 0.0065129783935056395 111 88 40 1.3742060835569978 2 595 4 650 5 654 7 667 10 779 11 707 12 635 13 634 1 625
442 -0.0020509491663109093 -3.9999244371786409 0.0042286045411533395 97 76 33 1.5399784376377244 5 693 7 684 12 644 1 627 2 596 4 668 11 725 13 650 6 1079 10 781
443 -1.3792236354160583 -3.8218854068584749 0.0025658097635005202 108 85 37 1.1814704713232378 2 597 4 661 5 672 7 677 10 787 11 723 12 643 13 645 1 628 9 761
446 -1.0043001878021653 -4.0028982532159691 0.0038411074090134085 121 96 42 1.7549668363222399 2 601 4 667 5 682 7 685 10 791 11 732 12 649 13 652 1 632
447 -1.6524309540190625 -3.9157420533304594 -0.0029350198459632392 104 83 36 1.1087217724784255 2 603 4 663 7 682 10 792 11 730 12 647 13 649 1 633
448 -0.00027058734615929137 -4.2014211399442143 0.0014020928934402406 91 71 31 1.4910264177617345 2 604 7 692 1 634 4 677 10 793 12 653 13 659 5 706 11 739
449 -1.9834874614835338 -3.9183319497094216 0.0056824080699903433 116 90 36 1.0756580678537553 2 606 7 683 10 796 11 734 12 651 13 651 1 636 4 662
451 -1.4622386114050085 -4.0767637141923361 -0.0035392898949063449 101 79 32 1.5322738671016594 2 610 4 671 10 799 11 740 12 657 13 655 1 638
452 -1.8891192297734611 -4.0764861417326852 -0.00048103565577163696 109 88 39 1.410067274442004 2 613 4 670 5 679 7 688 10 803 11 743 12 658 13 657 1 640
453 -1.378729060693078 -4.1648272689192982 0.003983535652948322 103 82 36 1.0654657850795444 2 614 4 675 7 694 10 804 11 744 12 659 13 662 1 641
456 -1.9813751678495641 -4.1700371131334313 -0.002431662239903867 106 84 36 1.8757880389622776 2 617 7 695 10 809 11 749 12 663 13 664 1 647 4 674
457 -1.379152043689631 -4.3444512514374356 0.011759456756595845 104 81 35 1.624844873137399 2 619 4 683 5 696 7 698 10 815 11 759 12 667 13 669 1 648
460 -1.9829238530077089 -4.3492699108559325 0.012651944745168568 100 77 30 1.0616522729467917 2 622 4 682 7 700 10 818 12 670 1 652 11 762
461 -1.4768672001131562 -4.439297979801772 0.0081940189637491473 98 74 31 1.6149690776773746 2 623 5 702 10 819 11 766 12 672 13 673 1 653
462 -1.8894175886692957 -4.4424052569776444 0.0098041026237217378 94 71 27 0.90735564067217356 2 626 4 690 10 825 12 676 1 654 11 771
473 -1.8871667442640652 -5.5550003871577953 0.014847689318776454 103 81 33 0.89070766786336264 2 651 4 738 10 880 11 827 12 717 13 710 1 666
474 -1.3742862716315822 -5.6558416277672396 0.0028331845946181116 91 71 28 1.5360822817471709 2 652 4 747 10 882 11 832 12 721 1 667
475 -1.9828224248705597 -5.6516737602243587 0.0082177210037476661 96 74 29 1.7491690770992256 2 653 11 835 12 724 13 714 1 668 4 746 10 887
477 -1.6534306628196394 -5.8394309043736792 0.0062616754572130178 91 71 29 1.6905445524525418 2 657 10 896 11 843 12 731 13 723 1 671 4 750
484 -0.0016161792640813288 5.9994822671024384 0.006321018066364318 110 86 41 1.0277904531537132 6 228 7 127 13 74 2 58 12 38 8 193 9 197
487 -0.27674528990413882 5.8011061729048015 0.0091070409052948584 133 107 48 1.8986177156672841 6 241 7 135 8 202 13 86 2 65 9 210 11 143 12 50 1 114 10 177
496 -0.062260313497574882 2.5160311988876107 0.27160204863613568 153 126 56 1.7184101474930618 5 285 6 477
498 -0.50350947547287361 2.0722421226344538 -0.28960236290181723 163 133 62 2.6777269504053121 5 273 6 494
500 -0.0021752335160052398 1.5978358649649811 -0.0008888986274359045 97 74 33 1.3113984854297274 5 324 13 272 11 326 8 427 9 354 12 226 1 247 4 240 10 347 7 331 2 212 6 556
518 -0.0020828093085174327 0.7972320404051344 -0.00028329309335252818 96 72 33 1.3492330319883858 4 277 8 475 11 372 12 262 10 422 13 298 1 299 2 265 6 665 7 375 9 429 5 366
520 5.7711132290364437 0.00071923782246111003 0.026215952021303883 88 67 28 0.47789776455757704 12 298 13 366
521 3.5982515714269789 0.26335025775669024 0.0034541718626439747 123 97 42 1.0796989027386255 7 398 12 284 13 324 6 640 2 269 1 304 4 317 10 416
522 5.3972394669935717 -0.0025013707298971255 0.0025122561988646275 93 73 32 0.97571002527652273 1 307 7 430 12 302 13 367 2 274 4 360 10 415 6 628
523 3.197655156135752 0.26731459017205594 -0.0011886575763217693 129 102 45 1.2980857168539683 6 648 8 585 7 399 9 415 12 287 13 326 1 309 10 424 4 319 11 385 2 275
528 4.596973099188042 -0.0060572216984663635 -0.0033559174953432269 98 77 34 1.3623347505547181 1 318 4 367 6 647 7 436 8 644 12 312 13 372 2 284 10 431 9 413
533 6.1913869363874978 -0.27303511053861412 7.6303305825048829e-05 121 95 41 1.3716045367886538 4 418 12 330 13 419 5 537 10 432 2 292 6 641
534 3.9961185438856033 -0.0028036916861168305 0.003359158337410371 98 75 33 1.2485923816266447 4 369 7 442 8 632 10 443 11 408 12 317 13 374 5 505 9 425 2 293 6 666 1 326
537 5.595783621864884 -0.26948653106188308 -0.0022021884369265408 130 106 47 1.8376577172221009 7 479 12 339 13 422 6 658 4 417 10 445 1 332 8 688
538 3.3960089639705009 -0.0037238895273617634 -0.00087874113399380579 96 74 33 1.0283567756647878 5 495 10 456 12 323 13 377 6 683 7 448 4 371 8 620 9 440 11 412 1 336 2 303
542 2.7930925385203476 -0.0012717647734636988 -0.0024778122629219982 95 75 34 1.5879622164600116 4 375 5 484 8 606 9 451 13 379 10 465 7 451 11 420 12 333 1 347 2 312 6 702
544 4.5968200895656244 -0.27572667341264268 0.0048572697458121308 124 98 43 1.0581278934807401 1 353 4 424 10 462 12 356 13 428 2 317 7 492 6 687
547 4.1945942000959313 -0.27383619046263036 0.0040062464486811198 123 98 44 1.0333847861696022 4 423 12 360 2 321 6 701 10 469 13 429 1 357 7 495 9 449
548 1.7945418397404447 -0.0025335820389713075 -0.00429684901802829 96 74 33 1.4876333243919264 4 383 12 346 13 386 6 728 10 484 5 468 9 474 1 362 2 325 8 581 11 431 7 455
550 3.595938909764651 -0.27220266360445783 0.0018526492900217371 125 100 44 1.4544578382406073 4 427 10 483 13 434 6 714 12 369 7 499 8 648 9 466 11 453 5 517 2 328 1 365
551 3.3945673151632634 -0.27643601856380312 -0.00096880722920343566 128 101 43 1.3611467975006957 12 372 13 435 8 645 9 469 10 485 2 332 1 370 4 430 5 513 6 720
552 3.1933236949182966 -0.2744455978475987 -0.0017252374929811192 123 99 43 1.749263358836521 5 512 8 639 10 488 7 503 13 437 6 729 12 373 2 335 4 437 1 375 11 461
558 -1.6061344613856958 0.27504658420636169 0.0060471398594083752 132 106 49 1.6735484723112932 5 386 8 491 10 513
562 -3.8034535843274044 0.26886448346176106 0.0077604983057135224 118 93 43 1.1409449200315958 9 555 13 353 8 454 11 450 10 553 12 379 2 389 1 427 7 439
564 -2.4021318913940872 -0.0006892565561918227 0.003605294619832351 97 75 33 1.3181258653223453 12 408 13 407 4 403 11 477 1 434 2 395 9 553 10 560 7 481 6 838 8 500 5 398
565 -3.4053168910879945 -0.023632089030327763 -0.020847715974987569 100 78 37 1.1603571410051627 7 488 9 572 10 577
566 6.1972578486511773 -1.359751575990348 0.0078542926407682966 124 99 42 1.4624571209545258 4 507 5 610 6 795 10 556 12 464 13 503 2 416
568 6.2930070881215059 -1.4541532001044677 0.0052825862746536953 118 92 39 1.5128118231222798 4 515 5 620 10 566 12 466 13 511 6 811
570 6.0160748739115339 -1.6359357516166517 0.0018920830017932877 117 91 40 1.4588136942662351 4 532 5 629 6 839 10 590 12 478 13 523
571 6.1957236424382902 -1.7347442110434013 -0.0042881807086480473 111 87 37 2.2046188946192502 5 640 6 846 10 599 12 483 13 529 2 457
572 -4.4071919689119525 -0.27468825766679711 0.0034891168917335824 103 84 37 1.2602858954318261 7 538 13 466 2 461 1 496
573 6.1986941831692315 -1.8805660964950766 0.0075650129122922802 119 91 39 1.0944546192761198 4 554 5 650 6 871 10 615 12 495 13 540
574 5.7820839736310674 -1.8896283032746142 -0.0026015353935045725 111 87 39 1.5665151099374359 4 558 5 645 6 880 10 620 12 503 13 541 2 471
575 6.3102698330884737 -1.9807429605536768 -0.0026381268481732631 109 87 36 2.2802537958233411 4 567 7 592 10 622 12 508 13 546 2 473
577 5.7794989709877278 -2.2477012494770778 -0.006003796296803897 115 90 40 0.87691742595159505 4 597 5 665 10 651 12 533 13 569 6 913
583 -0.0018545566366466998 -2.7991449500973489 -0.0011710510674518026 100 78 34 1.6445322980081414 4 624 9 705 12 597 13 603 6 1024 7 644 8 759 10 736 11 664 1 597 5 627 2 562
585 -0.0027936143547328297 -2.9889391942630161 -0.00032100807702627882 104 80 34 1.8990547808517502 4 632 5 642 8 769 9 715 11 673
588 -0.27389268595952193 -3.4053323478113544 0.0052674280298754218 119 95 41 1.7980391651140168 4 645 11 694 13 624 5 662 10 759 2 581 7 660 12 621 1 612
590 -0.00015345859661305592 -3.801548022108526 0.0023310560452426145 98 77 34 1.2863390837830122 5 683 6 1071 11 712 13 639 10 772 12 636 1 619 4 659 7 672 2 588 9 749
591 -0.2721831602507398 -3.8010032975447103 0.001118371019187996 121 97 42 1.3862274971175803 5 680 10 775 13 643 2 592 4 658 7 674 11 715 12 638 1 622
595 0.27400051515276702 -4.3999681485186137 0.0020407232998473058 120 96 43 1.7622883402488716 7 696 11 750 10 802 4 689 12 662 13 667 2 612 5 734
596 -0.27206344008895988 -4.4042586635559369 0.005443475391083189 117 93 41 1.9651094421450626 4 687 5 720 13 670 2 616 7 699 10 808 11 755 12 666 1 644
599 0.27042467803224862 -4.7993489344984983 0.0046305353641525023 107 83 35 1.0819779791452366 4 708 5 760 11 777 12 679 13 682 2 627 10 826 1 655
600 -0.0032983186178639702 -4.801548806367629 0.0054407995744726479 79 63 27 0.94254609982538695 5 756 2 629 10 828 12 681 13 683
602 -0.52630600386802395 -4.9996854309206711 0.0077109289509745297 102 80 32 0.81749669804578717 4 713 10 840 11 792 12 689 13 691 2 634
603 0.26937127619714807 -5.2035024966692252 0.0054100540586577602 101 78 30 1.3077693802628132 10 841 11 797 2 635 12 693 13 694 4 725
605 0.27721074793651262 -5.4124933121385848 -0.013742669997128153 92 69 27 0.9897319972041928 11 806 12 700 2 639
606 -0.25164840554093215 -5.3469195849760194 0.34780865618523682 75 58 24 3.2881312056794263 11 818 13 703
610 -1.4709547625384582 -5.5581817132540525 0.0071082481162340252 97 76 29 1.5983133989436429 10 874 11 824 12 713 2 647 4 739
611 1.0051298054412607 -6.0005706862885217 0.0083217697115102966 109 84 33 1.0264071722405412 10 878 12 725 13 722 4 760
613 -1.3818086790082373 -5.8376244167332239 0.01470780928522609 87 66 25 1.3856331426584871 10 894 11 842 12 728 13 720 2 656 4 754
615 -1.0046170333198479 -6.0019639126945181 0.01217417397975405 103 81 33 1.7148501210525993 10 900 11 849 12 737 13 729 2 659 4 758
616 -1.9808412932580515 -5.838760768286714 -9.0514713730066958e-05 90 67 24 1.4691198320257803 11 845 12 734 2 660 4 752 10 902
617 -1.4773663373099526 -5.9277104755341457 0.016104256241984135 78 58 24 1.5967356090491167 10 904 11 847 12 735 2 661
619 -1.7436806913612208 -5.9323947643488317 0.0035866565207109142 88 66 27 1.1833271979449871 10 908 12 739 13 727 2 664
621 -0.27116150991534954 -6.2066710187151024 -0.0018879276786625751 102 79 30 1.6204755793212271 10 912 12 746 13 736 2 666 4 767 11 856
622 0.11554682369014546 -6.5234036098255688 0.25655146107955223 91 70 26 1.484020663705623 12 767 2 667
623 -1.8937821174671285 -6.0859656801751845 0.01177327645838289 83 68 28 1.1804985222632389 10 923 11 862 12 749 13 734 2 668
624 -1.3783359873809899 -6.1730244994390704 0.017957979655374798 89 69 29 1.3630037850631944 10 927 12 752 2 669 4 764
626 -0.26824319552580644 -6.4173779547188579 -0.0060231698343317991 93 72 29 2.2452882908345755 10 929 2 671 13 745 12 758 11 874
627 -1.9854501193064384 -6.1744965017591324 0.0086947604692791582 96 75 30 1.06084434695249 10 934 11 872 12 757 13 739 2 672 4 765
628 -1.3765634442425971 -6.3619389814146734 0.010123266790232038 87 67 26 1.1593131632054618 10 940 11 879 12 764 13 747 2 673 4 773
629 0.0068982277417221132 -6.6191034257614687 -0.013082978475510838 68 53 20 0.74191350408139034 10 941 2 674 13 758
630 -1.9858525374205507 -6.3653505194834938 0.015991515387334978 89 68 24 1.1812434600925388 11 888 12 770 2 675 4 772 10 944
631 -1.4754409706688065 -6.4494326194522573 0.0082218773676373032 93 72 28 1.6315416259807858 12 773 13 751 2 676 4 779 10 945
632 -1.8851602914094772 -6.4556946621992921 0.009334365252303068 91 69 26 1.740866944075266 10 949 12 780 2 677 4 778
633 0.017738619774560246 -6.8155659677970331 -0.025775546663120572 70 56 22 1.0569353180432606 12 790 13 772 2 678
634 -0.50891580251940727 -7.0112797534607738 -0.02694201149305659 102 81 32 1.0316271518157958 12 809 13 791 2 680
636 -0.0034878443507208616 4.5981823499737917 0.0017652295859402031 101 77 35 0.95335299310455179 11 185 12 97 4 82 8 269 2 95 9 240 13 130 1 146 10 213 6 317 7 176
640 0.2748485798605409 3.1955175280590287 0.00059994079624080656 129 101 45 1.2348238521989587 11 245 12 160 8 346 2 150 6 415 9 294 13 194 1 191 10 283 4 154 7 237
642 6.7909077034010297 0.26289619778361822 0.011786154719359608 114 87 34 0.51755854045729222 10 361 4 301
646 2.7956890100611229 0.26888455910554598 0.00047692687517641367 128 102 45 1.490209540363993 6 661 7 401 2 281 4 321 9 423 10 433 11 389 12 291 13 325 1 314 5 463 8 578
647 3.5440861912662411 -1.412908005145616 -1.645180637234342 139 120 65 2.4637921730288808 7 400 9 404
651 5.1981135424831422 -0.003790821499117586 0.0056271418731400086 93 72 32 0.91057680556642906 6 631 12 305 13 368 4 364 10 418 2 276 7 431 1 311
653 3.1970122147525988 -0.0037650266040277634 -0.00010520173018543502 94 72 31 1.0945956010103417 7 447 10 458 4 370 12 325 13 378 2 307 6 689 8 616 9 443 11 415 1 340
655 1.9995898903713003 -0.07285858643972877 -0.070213744673070191 115 94 48 1.1358272244429468 7 456 8 587
656 1.5969479956104344 -0.00025121103963425518 -8.6351572964391224e-05 95 73 32 1.1826123692851802 8 579 9 477 7 457 10 487 1 364 6 733 11 433 12 351 2 329 4 382 5 467 13 385
663 6.9999500321039392 -0.52564004885428683 0.0098079578423219457 125 97 41 1.1617919072032412 10 450 4 459 6 654
664 4.9945826537670639 -0.50334162785026548 0.022458011449342476 141 115 57 1.1367716657526703 5 540 9 462
665 5.7847328888549159 -1.3574060089819073 0.0049516672628743446 128 101 44 1.6257456158317518 5 603 6 810 10 564 12 465 13 504 4 506
666 5.9280807263127242 -1.723683017769486 0.0040269280694157457 115 89 37 1.9690634194821646 5 637 6 856 10 604 12 487 13 528 4 539
667 6.112454800830565 -1.7280241995324681 0.007443925901747723 127 98 44 1.1378995206193014 5 638 6 852 10 601 12 485
668 6.2807859574247047 -1.9870138957727621 -0.010963756241001751 136 106 54 0.70008652416939676 5 656 6 881
669 6.2898793529080139 -2.1598378783759475 0.0024811842765738506 113 88 38 1.4904242774210343 5 667 6 896 10 635 13 560 4 585
671 -0.0026115512426826311 -3.4046672594041922 0.0031173976063971578 102 79 33 1.0915153744101267 6 1053 11 692 12 620 5 663 4 646
672 0.27090880997898109 -3.6028736004467676 0.0017103131023561027 117 93 40 1.005352100090358 10 762 12 626 2 582 4 654 11 698 5 678 7 663 13 629 1 614
675 2.9809569432745865e-05 -4.6011931620538293 0.0058677559772735257 88 65 25 1.4483923995916779 12 673 4 698 10 816
676 -0.27118419058023818 -5.2040955093644037 0.0041228714192722074 103 80 32 1.0905230475357286 10 846 11 801 4 723 12 696 13 697 2 638
677 0.00039020989721788856 -5.2008499725538924 0.0060208313131707835 81 61 25 0.83355613782958538 12 694 4 724 10 842 13 696
678 3.2778319870713152e-05 -5.8026350478108251 0.0094269797515281507 74 56 21 0.88142065683320026 12 719 4 753 10 875 13 717 11 829
679 0.27154261813767555 -5.7992249016379649 0.0064368293252475249 103 80 33 0.89417301508875791 12 716 4 755 10 871 13 716 11 828
681 -1.5307987350623027 -5.9382420417496951 0.01594394369855481 100 77 27 1.3695098900041622 10 906 12 736 4 757 13 728
682 -1.4717978889145373 -6.0858618378244076 0.01593032422912484 96 73 29 0.93640390427614717 10 916 12 747 4 762
684 -0.24635864687207962 -6.6242399349570151 -0.035750894326241789 109 86 35 0.19668224756879127 12 774 13 759
690 0.0010141111423994261 3.2315116343045589 0.028087923299207104 118 92 46 2.4170417742159023 9 295 5 245
691 3.5965092877235807 -0.0024859523461454145 0.0013264879618655862 94 73 33 0.86712934407838593 10 452 11 410 8 623 2 298 4 372 7 445 9 432 6 678 12 322 13 375 1 331
693 3.259693188919826 1.3366318311871932 1.5597390984637487 139 116 61 2.1876093805768253 7 501 9 471
694 0.27264328690531903 -2.6016760300567037 -0.0030742307075171289 128 102 45 1.8889447276542521 11 652 13 596 2 555 7 635 9 690 12 589 1 587 4 617 6 1001 8 752 10 724 5 617
695 6.2962678178365392 -1.6314863585985291 0.0047580127230125143 116 89 40 1.6655146863372559 10 583 12 475 13 522 5 634 6 834
697 6.1960196524086824 -2.2423000833827835 0.011416303676716628 118 89 40 1.3578706838592847 10 645 12 531 13 567 5 671 6 904
699 -0.011677163420930363 -4.5911209420971435 0.018273940786286157 74 56 22 0.38193497569020673 11 767 13 678
700 0.010809144943524739 -5.0079708170632466 -0.0202139895910214 82 66 29 2.4715144464346581 7 706 11 788 13 690
701 1.9768034313903713 8.1655242848865406 0.011424827692256908 152 125 65 2.9222942381325505 8 92 6 20 7 31
702 1.5463634257059928 8.1991969576502868 0.041918984920353383 129 101 52 0.41290545702775683 8 83 9 1
703 1.3773637698226635 8.1667865350081001 -0.00063555348928280402 162 133 65 1.1829606190537063 8 79 9 3 6 28
704 1.8794148887277318 7.916662047290302 -0.0018453397584985176 157 123 62 2.0190243190437891 7 53 8 112 9 9 6 33
705 1.9820160337209283 7.8257441134950216 -0.00033781733049658899 152 122 60 2.4024102394196056 9 15 6 35 7 58 8 121
706 1.4647194911556409 7.9188266667785721 0.0028392118606389814 156 128 63 2.3721929429967683 8 105 9 16 6 37 7 55
708 1.0002982469681387 7.9895828334515508 -0.0030020608158155692 162 134 65 1.1238497600085731 8 88 9 20 6 39
710 1.9768523241681208 7.6423720981054091 0.0018263998332839191 146 118 57 2.1102635971604604 7 68 9 36 6 46 8 132 10 28
711 1.8827110295092941 7.5612790700780872 -0.00180951876371716 151 122 61 0.68072781381525249 8 138 9 47 6 49
712 1.3719361433456325 7.645210741866193 -0.00013441211885201098 152 126 64 1.7336711490390098 7 69 8 124 9 51 6 52
713 1.4686160525592395 7.5603372444622368 0.00037661401167883579 140 114 60 2.23346763350429 7 72 8 131 9 56 6 55 10 41
722 -0.27209235346073574 4.1982953843517574 0.0052516407341370031 127 100 43 0.81633171314024811 7 195 10 240 6 355 11 206 12 115 13 146 1 162 2 115 9 264 4 104
726 5.594774615274714 -0.0035810932046047047 0.0022975072838296189 91 69 28 1.0112459059968375 13 365 6 620 2 270 12 301 4 361 10 410 1 305
728 -0.0041923588619318455 8.1773535053320963 -0.021024333060997536 126 98 51 0.060627691219137414 9 19 8 57
729 -1.0134321691936079 7.9878100455500007 0.001396870870275464 163 137 69 1.7733743303159415 8 55 9 67 7 56
734 -0.54366798078882261 6.931140482549571 -0.076710569315702443 166 134 66 0.42075843379604122 8 141 9 140
735 -0.0043380130056314085 3.3968466393350685 0.0012140929614953765 97 74 33 1.0696840200578954 10 277 13 187 2 147 7 230 9 290 11 241 12 154 1 188 4 146 6 404 8 333
736 0.0020125340393521733 3.0956201748373191 -0.10986309468818857 129 100 52 0.93977176275889529 8 343 7 238
740 -3.802588593279848 -0.27244799232601441 0.0013969438334641056 118 94 42 1.1117426746309607 8 497 12 450 7 535 10 616 11 522 13 463 1 488 2 452 9 603
741 0.0014632501909465359 -4.4034074909567931 -0.0029525555110268718 88 71 34 1.2072478048019606 10 805 13 668 7 697 1 642 2 615
745 0.27359369538045558 5.3991294483448975 0.0013269407837757095 126 99 42 1.019821267365717 9 215 12 67 4 42 8 236 2 74 10 182 1 126 6 263 11 158 13 105
747 0.00016798269689845911 4.9978226422585639 0.0028461374927852613 101 77 35 1.0951508116345428 11 172 13 117 12 83 4 67 7 163 8 253 9 226 2 85 1 136 6 292 10 195
748 -0.0012097615675396942 3.999438515952499 0.00050297923337127215 98 74 33 0.9649365421684144 9 270 12 127 10 248 8 300 13 159 1 169 2 127 6 364 4 114 11 216 7 206
755 1.3670856664846704 7.6451994153634129 0.020533623069408719 98 77 30 3.3877448637054561 10 35 11 40
757 -0.27388779869266272 4.8000356141825788 0.0038812565431154849 133 107 47 1.1550172652168402 11 181 12 91 13 123 1 141 2 91 8 259 6 309 9 236 7 171 4 76
760 5.1951502242549097 -0.27264977538148383 0.0053609231602445772 123 98 43 1.3151684611497814 12 349 10 454 13 425 6 669 7 485 1 339 2 305 4 415
768 0.0018316722033998962 -5.3969275873345648 0.0058286506758569298 82 60 22 0.5355199077218723 12 702 11 809 4 732
769 -4.0899202584435885 6.7195213763029686 -1.0204992642268922 46 32 16 1.9372440095144889 13 39 12 8
770 -0.00079028923527246493 -3.1998595032908002 -0.0021707189865396792 100 79 34 1.4580349068628171 2 573 5 655 6 1042 7 654 10 749 1 606 4 640 8 773 9 725 12 614 13 617 11 681
771 -0.52980952431951356 4.9999244747490001 0.0062374113189232784 130 105 46 1.4502597000108344 2 86 4 69 6 295 7 164 10 197 11 174 12 85 13 116 1 138 8 249 9 229
772 -0.27227147150292802 1.3981724383350602 -0.00010746336689297271 131 103 46 1.6744778321692833 5 331 6 592 8 431 13 281 2 224 4 249 7 344 9 376 10 360 11 342 12 237 1 259
773 0.27076938536047207 2.1949723872616174 3.6981100530399678e-06 126 99 44 1.0964618843816807 4 199 7 278 8 403 12 192 2 179 6 485 10 317 13 231 1 217 9 328 11 282
774 -0.27264658027228761 1.5981945981208578 -0.0032250478824122695 130 103 45 1.1860337254864739 5 321 8 425 2 213 4 241 6 564 7 333 9 359 10 348 11 327 12 228 13 271 1 249
775 5.9994663733615914 0.9948882948133897 0.0033026917623217053 130 105 47 1.9998910618753871 4 260 6 484 8 576 9 329 10 328 2 205 7 359 12 234 13 289
776 -0.0017336776247927756 0.99701856731167537 -0.0036043685951934155 97 73 33 1.1222782738737518 5 356 11 364 2 244 4 267 6 639 7 368 9 406 10 400 12 257 13 293 1 281 8 459
777 1.598530984682798 -0.2739722965942068 -0.00098836878303271776 124 97 43 1.4938113292611828 2 364 4 435 5 490 6 767 7 513 9 503 12 401 13 447 1 400 11 476 8 607 10 515
778 2.5945980200317216 -0.27076294003992535 9.7463888633200904e-05 125 98 43 1.5434006983969748 2 345 5 504 6 742 7 506 8 628 9 482 10 499 11 464 13 439 1 387 4 432 12 384
779 0.27123034949063646 1.397426526194355 0.0013030085984368565 127 101 44 1.4979986556699563 2 219 4 247 6 572 7 341 9 362 10 354 11 337 12 233 13 280 1 255 5 337 8 438
780 -0.0022617825290284742 -0.0027312196717160296 -0.0010204413386602738 94 71 32 1.4242489995913681 4 387 5 439 6 775 7 465 8 546 9 507 11 452 13 395 1 396 2 357 10 514 12 370
781 4.195899650491155 0.26633982234090292 0.0005532058673237627 129 103 46 1.1255495319330913 2 260 4 315 10 405 12 281 1 297 8 609 7 395 13 322 6 624 9 394
782 3.7958704384706716 0.26303093541968425 0.0021950218031619919 129 103 46 1.2384246112770747 2 266 4 320 10 412 12 283 1 301 8 599 13 323 6 633 7 397 9 402
783 4.1951148749722815 -0.00030076402373986285 0.0038270415317477862 96 74 33 1.0460748873146304 2 291 8 637 10 439 1 323 4 365 7 440 9 419 12 315 13 373 6 660 11 407
784 3.7932842292765754 -0.0022416146762264258 -0.00034596460974976255 96 75 33 1.2043032244183909 2 295 6 671 7 443 1 328 9 430 13 376 8 627 11 409 12 320 10 447 4 368
785 2.3958835203357989 -0.0012986863508249297 -0.00045222173972660651 97 73 33 1.7574558658646453 4 378 7 453 11 425 5 480 10 472 12 336 6 711 1 355 13 381 2 319 8 593 9 463
786 5.9989519460112035 -1.0053390742293844 0.010572692356644727 120 95 41 1.2172997899454425 2 379 4 485 6 749 12 443 13 492 1 415 5 583 10 518
787 0.99871722807474184 -0.0021610650639918966 -0.0005032724494096804 95 72 31 1.3721393911816191 2 339 4 386 6 747 7 460 9 488 11 440 13 389 1 377 5 457 8 567 12 359 10 498
788 -0.0020600381939919876 -0.60123158249259956 0.00062261948410250237 95 72 31 1.1761485108072718 2 426 4 467 6 857 7 545 9 564 10 582 11 525 12 451 13 482 1 465 5 494 8 605
789 0.53206251628016332 6.9950883932934742 0.005087986472208322 134 108 51 1.8704330041302568 10 97 11 73 6 125 7 92 9 125 13 26 2 18 8 149
790 -0.003038546002075009 -1.1993196133940824 0.00041280165993848105 95 74 32 1.4588360743936821 2 480 4 499 5 527 6 917 7 564 8 661 10 642 12 486 13 507 1 514 9 613 11 557
791 -0.0014232889343127977 -2.0021732893546904 -0.0026823393727747609 98 75 32 1.475104393656965 2 533 4 571 6 969 7 609 9 658 11 613 12 558 13 565 1 564 10 696 5 575 8 716
792 -0.27399931491530016 -2.4033909083063278 0.00032633467856627853 130 105 46 1.2484777618008653 2 552 5 595 6 990 7 632 8 733 10 719 11 643 12 582 1 582 4 607 9 686 13 591
793 0.52965390432216108 -5.0012025306029813 0.0013374467374385501 108 84 34 1.9130514423408802 4 716 11 787 13 688 2 632 5 777 10 832 12 686 1 658
794 4.7980868148558908 0.26481309517697393 0.00012279479990853027 130 104 46 1.0251550361344632 8 624 12 275 13 320 6 603 9 381 4 313 10 394 2 253 7 391 1 288
795 -0.0019839418878271533 -2.3994771263377772 -0.0014893852054040592 99 76 33 1.357849937876112 4 606 8 737 13 590 11 641 12 580 10 714 1 580 5 597 7 630 2 550 6 988 9 681
796 -0.00068972061117704539 -6.0046683650441786 0.0056496983240510489 73 56 21 1.6708201831258966 11 840 2 654 12 729 13 726 10 890 4 759
797 -1.4004363764200831 0.26831608015377412 0.0023550539271575692 127 101 45 1.8171933071272537 6 777 8 494 12 343 2 348 4 332 7 417 9 509 11 421 13 341 1 386 5 389 10 510
798 -1.4736780484304699 -3.9149056242795335 0.0042086010604579886 103 81 35 1.6077159310867239 4 664 11 728 2 599 7 679 10 790 12 646 13 648 1 630
799 -1.8860287240686722 -5.9314849172309714 0.0067991043311710856 86 66 25 1.6792823018805099 10 911 11 851 12 740 2 665 4 756
800 -0.27459734127874852 2.5971740678692412 -0.00012339197815298576 131 105 46 1.3374578360881115 2 169 13 213 1 206 4 181 6 465 10 306 11 267 12 180 5 261 7 259 9 316 8 370
801 -0.00020410460511016506 1.1985781217584079 0.00021630446321923216 96 73 33 1.2523798658444869 2 232 4 257 13 288 1 268 6 610 7 357 9 388 10 377 11 355 12 249 5 346 8 444
802 2.3963666939340844 0.26833356491209992 0.00049897943895016266 128 103 46 1.4314175987964601 11 391 12 297 1 321 2 287 7 405 10 440 13 328 4 324 8 570 5 454 9 431 6 675
803 4.3972463966098276 -0.0029048881054276722 -0.0022066837819572087 98 76 34 1.0280690216933557 2 288 7 438 10 434 1 322 12 313 8 638 9 416 4 366 13 371 6 652
804 1.1958436549290321 -0.0018747565413583394 -0.0023488299803474063 95 72 31 1.0875652041441299 6 743 7 459 9 484 11 439 12 354 13 388 10 493 1 374 2 337 4 380 5 461 8 571
805 -0.0025071477885433972 -1.599978204624414 -8.4966188329964822e-05 97 74 31 1.2249488846265575 2 508 4 528 12 524 1 539 7 584 10 670 13 536 5 547 6 942 11 583 8 691 9 631
806 0.59651521694479026 -0.0017574664437235783 -0.00088825943856878618 94 72 31 1.1415201926626743 4 384 5 450 1 388 2 346 7 462 9 496 11 446 13 392 6 759 8 557 12 364 10 504
807 -0.0050934047930839711 5.1992182712413291 0.0030050860019588568 103 78 36 0.88369715399000981 11 166 12 76 8 243 13 111 2 80 9 221 6 280 7 157
808 0.27330537362757312 -2.7989683941811454 0.0023357026289985605 126 99 44 1.0994399328313222 2 561 4 625 13 602 1 596 6 1020 7 643 10 735 11 660 9 704 12 596 5 631
809 -0.27061246994066868 -2.8031088612100983 -0.0032863010863523599 127 102 45 1.4383545886606186 2 564 5 625 7 645 10 738 1 598 4 623 6 1025 9 708 11 665 12 598 13 605
810 -0.0032271140772048702 3.5977883410322282 0.00095136294624560225 98 75 33 1.1253199330842587 7 225 8 322 9 285 12 147 10 270 4 138 13 178 2 141 11 236 1 181 6 393
811 -1.001319942698256 -0.0018105621961423176 -0.00015122649469677507 96 73 32 1.3470917681484771 11 462 12 388 1 412 2 374 8 526 4 393 6 804 13 399 5 422 7 470 9 527 10 533
812 -0.0010725923935253224 -3.5999878982280196 -0.00036725084103050951 98 77 33 1.6843618474958291 5 675 7 664 11 700 9 743 12 628 13 630 4 653 6 1061 2 584 1 615 10 763
